TXXX [GeV]      Nominal [kHz]    Stochastic [kHz]       Subtracted [kHz]
05              30372.81         27506.67               2866.14
10              11084.85         871.80                 10213.1
15              2978.57          155.71                 2822.86
20              1232.74          43.72                  1189.02
25              611.69           16.95                  594.74
30              346.22           8.48                   337.74
35              219.06           4.91                   214.15
40              140.09           2.23                   137.86
45              95.92            1.34                   94.58
50              72.28            1.34                   70.94
55              49.08            0.89                   48.19
60              33.02            0.89                   32.13
65              25.43            0.00                   25.43
70              19.63            0.00                   19.63
75              15.62            0.00                   15.62
80              11.60            0.00                   11.6
85              9.82             0.00                   9.82
90              8.48             0.00                   8.48
95              7.14             0.00                   7.14
